### 2019-09-26 20:26:07 Update:

- gcr.io/google-containers/addon-resizer:1.8.6
### 2019-09-26 20:32:57 Update:

- gcr.io/istio-release/citadel:release-1.3-20190926-10-16-distroless
- gcr.io/istio-release/citadel:master-20190926-09-15-distroless
- gcr.io/istio-release/node-agent-k8s:master-20190926-09-15-distroless
- gcr.io/istio-release/citadel:master-20190926-09-15
- gcr.io/istio-release/install-cni:master-20190926-09-15
- gcr.io/istio-release/citadel:release-1.2-20190926-11-16
- gcr.io/istio-release/install-cni:release-1.2-20190926-11-16
- gcr.io/istio-release/install-cni:release-1.3-20190926-10-16
- gcr.io/istio-release/node-agent-k8s:master-20190926-09-15
- gcr.io/istio-release/citadel:release-1.3-20190926-10-16
- gcr.io/istio-release/node-agent-k8s:release-1.3-20190926-10-16
- gcr.io/istio-release/mixer:master-20190926-09-15
- gcr.io/istio-release/node-agent-k8s:release-1.3-20190926-10-16-distroless
- gcr.io/istio-release/node-agent-k8s:release-1.2-20190926-11-16
- gcr.io/istio-release/mixer:master-20190926-09-15-distroless
- gcr.io/istio-release/mixer:release-1.2-20190926-11-16
- gcr.io/istio-release/mixer:release-1.3-20190926-10-16-distroless
- gcr.io/istio-release/mixer_codegen:master-20190926-09-15-distroless
- gcr.io/istio-release/mixer:release-1.3-20190926-10-16
- gcr.io/istio-release/mixer_codegen:master-20190926-09-15
- gcr.io/istio-release/mixer_codegen:release-1.3-20190926-10-16-distroless
- gcr.io/istio-release/mixer_codegen:release-1.2-20190926-11-16
- gcr.io/istio-release/mixer_codegen:release-1.3-20190926-10-16
- gcr.io/istio-release/app_sidecar:master-20190926-09-15
- gcr.io/istio-release/app_sidecar:master-20190926-09-15-distroless
- gcr.io/istio-release/galley:master-20190926-09-15-distroless
- gcr.io/istio-release/app_sidecar:release-1.3-20190926-10-16-distroless
- gcr.io/istio-release/app_sidecar:release-1.3-20190926-10-16
- gcr.io/istio-release/galley:release-1.2-20190926-11-16
- gcr.io/istio-release/galley:master-20190926-09-15
- gcr.io/istio-release/galley:release-1.3-20190926-10-16
- gcr.io/istio-release/galley:release-1.3-20190926-10-16-distroless
- gcr.io/istio-release/proxytproxy:master-20190926-09-15
- gcr.io/istio-release/proxytproxy:master-20190926-09-15-distroless
- gcr.io/istio-release/proxytproxy:release-1.2-20190926-11-16
- gcr.io/istio-release/proxytproxy:release-1.3-20190926-10-16-distroless
- gcr.io/istio-release/proxytproxy:release-1.3-20190926-10-16
- gcr.io/istio-release/app:master-20190926-09-15
- gcr.io/istio-release/kubectl:master-20190926-09-15
- gcr.io/istio-release/kubectl:master-20190926-09-15-distroless
- gcr.io/istio-release/kubectl:release-1.2-20190926-11-16
- gcr.io/istio-release/app:release-1.2-20190926-11-16
- gcr.io/istio-release/kubectl:release-1.3-20190926-10-16
- gcr.io/istio-release/kubectl:release-1.3-20190926-10-16-distroless
- gcr.io/istio-release/app:release-1.3-20190926-10-16
- gcr.io/istio-release/pilot:master-20190926-09-15
- gcr.io/istio-release/pilot:master-20190926-09-15-distroless
- gcr.io/istio-release/pilot:release-1.2-20190926-11-16
- gcr.io/istio-release/sidecar_injector:master-20190926-09-15
- gcr.io/istio-release/pilot:release-1.3-20190926-10-16
- gcr.io/istio-release/sidecar_injector:master-20190926-09-15-distroless
- gcr.io/istio-release/pilot:release-1.3-20190926-10-16-distroless
- gcr.io/istio-release/sidecar_injector:release-1.3-20190926-10-16
- gcr.io/istio-release/sidecar_injector:release-1.2-20190926-11-16
- gcr.io/istio-release/sidecar_injector:release-1.3-20190926-10-16-distroless
- gcr.io/istio-release/test_policybackend:master-20190926-09-15
- gcr.io/istio-release/test_policybackend:master-20190926-09-15-distroless
- gcr.io/istio-release/test_policybackend:release-1.3-20190926-10-16
- gcr.io/istio-release/test_policybackend:release-1.3-20190926-10-16-distroless
- gcr.io/istio-release/proxyv2:master-20190926-09-15
- gcr.io/istio-release/test_policybackend:release-1.2-20190926-11-16
- gcr.io/istio-release/proxy_init:master-20190926-09-15
- gcr.io/istio-release/proxyv2:master-20190926-09-15-distroless
- gcr.io/istio-release/proxyv2:release-1.2-20190926-11-16
- gcr.io/istio-release/proxyv2:release-1.3-20190926-10-16
- gcr.io/istio-release/proxyv2:release-1.3-20190926-10-16-distroless
- gcr.io/istio-release/proxy_init:release-1.3-20190926-10-16
- gcr.io/istio-release/proxy_init:master-20190926-09-15-distroless
- gcr.io/istio-release/proxy_init:release-1.2-20190926-11-16
- gcr.io/istio-release/proxy_init:release-1.3-20190926-10-16-distroless
- gcr.io/istio-release/proxy_debug:master-20190926-09-15
- gcr.io/istio-release/proxy_debug:master-20190926-09-15-distroless
- gcr.io/istio-release/proxy_debug:release-1.3-20190926-10-16
- gcr.io/istio-release/proxy_debug:release-1.3-20190926-10-16-distroless
- gcr.io/istio-release/proxy_debug:release-1.2-20190926-11-16
