### 2019-09-20 20:23:00 Update:

- gcr.io/google-containers/cluster-proportional-autoscaler-arm64:1.7.1
- gcr.io/google-containers/cluster-proportional-autoscaler-arm:1.7.1
- gcr.io/google-containers/cluster-proportional-autoscaler-ppc64le:1.7.1
### 2019-09-20 20:30:04 Update:

- gcr.io/istio-release/mixer_codegen:master-20190920-09-15
- gcr.io/istio-release/sidecar_injector:release-1.2-20190920-11-15
- gcr.io/istio-release/sidecar_injector:release-1.3-20190920-10-15-distroless
- gcr.io/istio-release/proxyv2:master-20190920-09-15-distroless
- gcr.io/istio-release/sidecar_injector:release-1.3-20190920-10-15
- gcr.io/istio-release/proxyv2:release-1.2-20190920-11-15
- gcr.io/istio-release/install-cni:release-1.3-20190920-10-15
- gcr.io/istio-release/install-cni:master-20190920-09-15
- gcr.io/istio-release/proxyv2:release-1.3-20190920-10-15-distroless
- gcr.io/istio-release/proxyv2:release-1.3-20190920-10-15
- gcr.io/istio-release/mixer:master-20190920-09-15
- gcr.io/istio-release/proxyv2:master-20190920-09-15
- gcr.io/istio-release/mixer:master-20190920-09-15-distroless
- gcr.io/istio-release/mixer:release-1.2-20190920-11-15
- gcr.io/istio-release/mixer:release-1.3-20190920-10-15
- gcr.io/istio-release/mixer:release-1.3-20190920-10-15-distroless
- gcr.io/istio-release/install-cni:release-1.2-20190920-11-15
- gcr.io/istio-release/test_policybackend:master-20190920-09-15
- gcr.io/istio-release/proxy_init:master-20190920-09-15
- gcr.io/istio-release/test_policybackend:master-20190920-09-15-distroless
- gcr.io/istio-release/proxy_init:release-1.3-20190920-10-15
- gcr.io/istio-release/test_policybackend:release-1.3-20190920-10-15-distroless
- gcr.io/istio-release/proxy_init:release-1.2-20190920-11-15
- gcr.io/istio-release/test_policybackend:release-1.3-20190920-10-15
- gcr.io/istio-release/proxy_init:master-20190920-09-15-distroless
- gcr.io/istio-release/test_policybackend:release-1.2-20190920-11-15
- gcr.io/istio-release/proxy_init:release-1.3-20190920-10-15-distroless
- gcr.io/istio-release/app:master-20190920-09-15
- gcr.io/istio-release/app:release-1.2-20190920-11-15
- gcr.io/istio-release/galley:master-20190920-09-15
- gcr.io/istio-release/mixer_codegen:master-20190920-09-15-distroless
- gcr.io/istio-release/app:release-1.3-20190920-10-15
- gcr.io/istio-release/mixer_codegen:release-1.2-20190920-11-15
- gcr.io/istio-release/mixer_codegen:release-1.3-20190920-10-15
- gcr.io/istio-release/mixer_codegen:release-1.3-20190920-10-15-distroless
- gcr.io/istio-release/citadel:master-20190920-09-15
- gcr.io/istio-release/citadel:master-20190920-09-15-distroless
- gcr.io/istio-release/citadel:release-1.2-20190920-11-15
- gcr.io/istio-release/citadel:release-1.3-20190920-10-15
- gcr.io/istio-release/proxy_debug:release-1.2-20190920-11-15
- gcr.io/istio-release/citadel:release-1.3-20190920-10-15-distroless
- gcr.io/istio-release/kubectl:master-20190920-09-15-distroless
- gcr.io/istio-release/kubectl:master-20190920-09-15
- gcr.io/istio-release/proxy_debug:master-20190920-09-15-distroless
- gcr.io/istio-release/proxy_debug:master-20190920-09-15
- gcr.io/istio-release/kubectl:release-1.2-20190920-11-15
- gcr.io/istio-release/proxytproxy:release-1.3-20190920-10-15
- gcr.io/istio-release/kubectl:release-1.3-20190920-10-15-distroless
- gcr.io/istio-release/kubectl:release-1.3-20190920-10-15
- gcr.io/istio-release/galley:master-20190920-09-15-distroless
- gcr.io/istio-release/galley:release-1.2-20190920-11-15
- gcr.io/istio-release/galley:release-1.3-20190920-10-15
- gcr.io/istio-release/galley:release-1.3-20190920-10-15-distroless
- gcr.io/istio-release/proxytproxy:master-20190920-09-15-distroless
- gcr.io/istio-release/proxytproxy:master-20190920-09-15
- gcr.io/istio-release/proxy_debug:release-1.3-20190920-10-15-distroless
- gcr.io/istio-release/proxy_debug:release-1.3-20190920-10-15
- gcr.io/istio-release/proxytproxy:release-1.2-20190920-11-15
- gcr.io/istio-release/proxytproxy:release-1.3-20190920-10-15-distroless
- gcr.io/istio-release/sidecar_injector:master-20190920-09-15
- gcr.io/istio-release/sidecar_injector:master-20190920-09-15-distroless
### 2019-09-20 20:30:52 Update:

- gcr.io/linkerd-io/web:git-09114d4b
- gcr.io/linkerd-io/web:edge-19.9.3
- gcr.io/linkerd-io/proxy:git-09114d4b
- gcr.io/linkerd-io/proxy:edge-19.9.3
- gcr.io/linkerd-io/grafana:edge-19.9.3
- gcr.io/linkerd-io/grafana:git-c62c9087
- gcr.io/linkerd-io/grafana:git-09114d4b
- gcr.io/linkerd-io/controller:edge-19.9.3
- gcr.io/linkerd-io/controller:git-09114d4b
- gcr.io/linkerd-io/proxy:git-c62c9087
- gcr.io/linkerd-io/controller:git-c62c9087
- gcr.io/linkerd-io/web:git-c62c9087
- gcr.io/linkerd-io/cli-bin:edge-19.9.3
- gcr.io/linkerd-io/cli-bin:git-09114d4b
- gcr.io/linkerd-io/cni-plugin:git-09114d4b
- gcr.io/linkerd-io/cni-plugin:git-c62c9087
- gcr.io/linkerd-io/proxy:l2p-sni
- gcr.io/linkerd-io/proxy:l2p-sni.0
- gcr.io/linkerd-io/cli-bin:git-c62c9087
