### 2019-10-01 20:28:38 Update:

- gcr.io/google-containers/gke-metadata-server:7b28a8ea4ac0da33ba983aab02168e36d3aa0680
- gcr.io/google-containers/gke-metadata-server:v0.2.11
- gcr.io/google-containers/watcher-daemonset:alpha3
### 2019-10-01 20:38:08 Update:

- gcr.io/istio-release/mixer:master-20191001-09-15
- gcr.io/istio-release/mixer:master-20191001-09-15-distroless
- gcr.io/istio-release/mixer:release-1.2-20191001-11-15
- gcr.io/istio-release/install-cni:release-1.3-20191001-10-15
- gcr.io/istio-release/install-cni:1.3.1
- gcr.io/istio-release/install-cni:master-20191001-09-15
- gcr.io/istio-release/install-cni:release-1.2-20191001-11-15
- gcr.io/istio-release/app_sidecar:release-1.3-20191001-10-15
- gcr.io/istio-release/app_sidecar:release-1.3-20191001-10-15-distroless
- gcr.io/istio-release/mixer:1.3.1
- gcr.io/istio-release/galley:release-1.2-20191001-11-15
- gcr.io/istio-release/galley:master-20191001-09-15-distroless
- gcr.io/istio-release/mixer:release-1.3-20191001-10-15
- gcr.io/istio-release/galley:master-20191001-09-15
- gcr.io/istio-release/mixer:release-1.3-20191001-10-15-distroless
- gcr.io/istio-release/galley:release-1.3-20191001-10-15-distroless
- gcr.io/istio-release/galley:release-1.3-20191001-10-15
- gcr.io/istio-release/galley:1.3.1
- gcr.io/istio-release/mixer_codegen:master-20191001-09-15
- gcr.io/istio-release/mixer_codegen:release-1.2-20191001-11-15
- gcr.io/istio-release/mixer_codegen:master-20191001-09-15-distroless
- gcr.io/istio-release/mixer_codegen:release-1.3-20191001-10-15
- gcr.io/istio-release/mixer_codegen:release-1.3-20191001-10-15-distroless
- gcr.io/istio-release/kubectl:1.3.1
- gcr.io/istio-release/kubectl:master-20191001-09-15-distroless
- gcr.io/istio-release/kubectl:master-20191001-09-15
- gcr.io/istio-release/kubectl:release-1.3-20191001-10-15-distroless
- gcr.io/istio-release/kubectl:release-1.3-20191001-10-15
- gcr.io/istio-release/kubectl:release-1.2-20191001-11-15
- gcr.io/istio-release/proxyv2:1.3.1
- gcr.io/istio-release/proxyv2:master-20191001-09-15-distroless
- gcr.io/istio-release/proxyv2:master-20191001-09-15
- gcr.io/istio-release/proxyv2:release-1.2-20191001-11-15
- gcr.io/istio-release/proxyv2:release-1.3-20191001-10-15
- gcr.io/istio-release/sidecar_injector:master-20191001-09-15
- gcr.io/istio-release/proxyv2:release-1.3-20191001-10-15-distroless
- gcr.io/istio-release/sidecar_injector:1.3.1
- gcr.io/istio-release/sidecar_injector:master-20191001-09-15-distroless
- gcr.io/istio-release/sidecar_injector:release-1.2-20191001-11-15
- gcr.io/istio-release/sidecar_injector:release-1.3-20191001-10-15
- gcr.io/istio-release/sidecar_injector:release-1.3-20191001-10-15-distroless
- gcr.io/istio-release/pilot:1.3.1
- gcr.io/istio-release/pilot:master-20191001-09-15
- gcr.io/istio-release/pilot:master-20191001-09-15-distroless
- gcr.io/istio-release/pilot:release-1.3-20191001-10-15
- gcr.io/istio-release/pilot:release-1.3-20191001-10-15-distroless
- gcr.io/istio-release/pilot:release-1.2-20191001-11-15
- gcr.io/istio-release/proxyv2:1.3.1y
- gcr.io/istio-release/proxytproxy:master-20191001-09-15
- gcr.io/istio-release/proxytproxy:master-20191001-09-15-distroless
- gcr.io/istio-release/proxy_debug:master-20191001-09-15
- gcr.io/istio-release/proxy_debug:master-20191001-09-15-distroless
- gcr.io/istio-release/proxy_debug:1.3.1
- gcr.io/istio-release/proxy_debug:release-1.3-20191001-10-15-distroless
- gcr.io/istio-release/proxy_debug:release-1.3-20191001-10-15
- gcr.io/istio-release/proxytproxy:1.3.1
- gcr.io/istio-release/proxy_debug:release-1.2-20191001-11-15
- gcr.io/istio-release/app:master-20191001-09-15
- gcr.io/istio-release/proxytproxy:release-1.2-20191001-11-15
- gcr.io/istio-release/proxytproxy:release-1.3-20191001-10-15
- gcr.io/istio-release/app:release-1.2-20191001-11-15
- gcr.io/istio-release/proxytproxy:release-1.3-20191001-10-15-distroless
- gcr.io/istio-release/app:release-1.3-20191001-10-15
- gcr.io/istio-release/app:1.3.1
- gcr.io/istio-release/test_policybackend:master-20191001-09-15-distroless
- gcr.io/istio-release/test_policybackend:master-20191001-09-15
- gcr.io/istio-release/test_policybackend:release-1.2-20191001-11-15
- gcr.io/istio-release/test_policybackend:release-1.3-20191001-10-15-distroless
- gcr.io/istio-release/test_policybackend:release-1.3-20191001-10-15
- gcr.io/istio-release/proxy_init:1.3.1
- gcr.io/istio-release/proxy_init:master-20191001-09-15
- gcr.io/istio-release/proxy_init:master-20191001-09-15-distroless
- gcr.io/istio-release/proxy_init:release-1.3-20191001-10-15
- gcr.io/istio-release/proxy_init:release-1.3-20191001-10-15-distroless
- gcr.io/istio-release/proxy_init:release-1.2-20191001-11-15
