### 2019-09-13 20:32:07 Update:

- gcr.io/istio-release/mixer:master-20190913-09-16-distroless
- gcr.io/istio-release/mixer:master-20190913-09-16
- gcr.io/istio-release/mixer:release-1.0-20190912-13-16
- gcr.io/istio-release/mixer:release-1.1-20190912-12-16
- gcr.io/istio-release/servicegraph:release-1.1-20190912-12-16
- gcr.io/istio-release/mixer:release-1.2-20190913-11-16
- gcr.io/istio-release/servicegraph:release-1.0-20190912-13-16
- gcr.io/istio-release/node-agent-test:release-1.0-20190912-13-16
- gcr.io/istio-release/app_sidecar:master-20190913-09-16-distroless
- gcr.io/istio-release/app_sidecar:master-20190913-09-16
- gcr.io/istio-release/mixer:release-1.3-20190913-10-16
- gcr.io/istio-release/mixer:release-1.3-20190913-10-16-distroless
- gcr.io/istio-release/citadel-test:release-1.0-20190912-13-16
- gcr.io/istio-release/install-cni:master-20190913-09-16
- gcr.io/istio-release/install-cni:release-1.1-20190912-12-16
- gcr.io/istio-release/install-cni:release-1.2-20190913-11-16
- gcr.io/istio-release/install-cni:release-1.3-20190913-10-16
- gcr.io/istio-release/kubectl:master-20190913-09-16-distroless
- gcr.io/istio-release/kubectl:master-20190913-09-16
- gcr.io/istio-release/servicegraph_debug:release-1.0-20190912-13-16
- gcr.io/istio-release/kubectl:release-1.1-20190912-12-16
- gcr.io/istio-release/kubectl:release-1.2-20190913-11-16
- gcr.io/istio-release/kubectl:release-1.3-20190913-10-16-distroless
- gcr.io/istio-release/kubectl:release-1.3-20190913-10-16
- gcr.io/istio-release/mixer_codegen:master-20190913-09-16
- gcr.io/istio-release/mixer_codegen:master-20190913-09-16-distroless
- gcr.io/istio-release/mixer_codegen:release-1.1-20190912-12-16
- gcr.io/istio-release/mixer_codegen:release-1.2-20190913-11-16
- gcr.io/istio-release/mixer_codegen:release-1.3-20190913-10-16
- gcr.io/istio-release/mixer_debug:release-1.0-20190912-13-16
- gcr.io/istio-release/node-agent-k8s:master-20190913-09-16-distroless
- gcr.io/istio-release/node-agent-k8s:master-20190913-09-16
- gcr.io/istio-release/node-agent-k8s:release-1.1-20190912-12-16
- gcr.io/istio-release/node-agent-k8s:release-1.3-20190913-10-16-distroless
- gcr.io/istio-release/app_sidecar:release-1.3-20190913-10-16-distroless
- gcr.io/istio-release/app_sidecar:release-1.3-20190913-10-16
- gcr.io/istio-release/citadel:master-20190913-09-16
- gcr.io/istio-release/node-agent-k8s:release-1.2-20190913-11-16
- gcr.io/istio-release/node-agent-k8s:release-1.3-20190913-10-16
- gcr.io/istio-release/citadel:master-20190913-09-16-distroless
- gcr.io/istio-release/citadel:release-1.0-20190912-13-16
- gcr.io/istio-release/citadel:release-1.1-20190912-12-16
- gcr.io/istio-release/citadel:release-1.3-20190913-10-16
- gcr.io/istio-release/citadel:release-1.2-20190913-11-16
- gcr.io/istio-release/node-agent:release-1.0-20190912-13-16
- gcr.io/istio-release/citadel:release-1.3-20190913-10-16-distroless
- gcr.io/istio-release/sidecar_injector:master-20190913-09-16
- gcr.io/istio-release/sidecar_injector:release-1.0-20190912-13-16
- gcr.io/istio-release/sidecar_injector:master-20190913-09-16-distroless
- gcr.io/istio-release/sidecar_injector:release-1.1-20190912-12-16
- gcr.io/istio-release/sidecar_injector:release-1.2-20190913-11-16
- gcr.io/istio-release/sidecar_injector:release-1.3-20190913-10-16-distroless
- gcr.io/istio-release/sidecar_injector:release-1.3-20190913-10-16
- gcr.io/istio-release/pilot:master-20190913-09-16
- gcr.io/istio-release/pilot:master-20190913-09-16-distroless
- gcr.io/istio-release/pilot:release-1.3-20190913-10-16
- gcr.io/istio-release/pilot:release-1.1-20190912-12-16
- gcr.io/istio-release/pilot:release-1.2-20190913-11-16
- gcr.io/istio-release/pilot:release-1.0-20190912-13-16
- gcr.io/istio-release/pilot:release-1.3-20190913-10-16-distroless
- gcr.io/istio-release/galley:master-20190913-09-16
- gcr.io/istio-release/galley:master-20190913-09-16-distroless
- gcr.io/istio-release/galley:release-1.0-20190912-13-16
- gcr.io/istio-release/galley:release-1.1-20190912-12-16
- gcr.io/istio-release/galley:release-1.2-20190913-11-16
- gcr.io/istio-release/galley:release-1.3-20190913-10-16
- gcr.io/istio-release/galley:release-1.3-20190913-10-16-distroless
- gcr.io/istio-release/proxyv2:master-20190913-09-16
- gcr.io/istio-release/proxyv2:master-20190913-09-16-distroless
- gcr.io/istio-release/proxyv2:release-1.0-20190912-13-16
- gcr.io/istio-release/proxyv2:release-1.1-20190912-12-16
- gcr.io/istio-release/proxyv2:release-1.2-20190913-11-16
- gcr.io/istio-release/proxyv2:release-1.3-20190913-10-16
- gcr.io/istio-release/proxy_init:master-20190913-09-16
- gcr.io/istio-release/proxyv2:release-1.3-20190913-10-16-distroless
- gcr.io/istio-release/proxy_init:master-20190913-09-16-distroless
- gcr.io/istio-release/proxy_init:release-1.0-20190912-13-16
- gcr.io/istio-release/proxy_init:release-1.1-20190912-12-16
- gcr.io/istio-release/proxy_init:release-1.3-20190913-10-16
- gcr.io/istio-release/proxy_init:release-1.2-20190913-11-16
- gcr.io/istio-release/proxy_init:release-1.3-20190913-10-16-distroless
- gcr.io/istio-release/test_policybackend:master-20190913-09-16
- gcr.io/istio-release/test_policybackend:release-1.0-20190912-13-16
- gcr.io/istio-release/test_policybackend:master-20190913-09-16-distroless
- gcr.io/istio-release/test_policybackend:release-1.1-20190912-12-16
- gcr.io/istio-release/test_policybackend:release-1.2-20190913-11-16
- gcr.io/istio-release/test_policybackend:release-1.3-20190913-10-16-distroless
- gcr.io/istio-release/test_policybackend:release-1.3-20190913-10-16
- gcr.io/istio-release/proxy_debug:release-1.0-20190912-13-16
- gcr.io/istio-release/proxytproxy:master-20190913-09-16-distroless
- gcr.io/istio-release/proxytproxy:master-20190913-09-16
- gcr.io/istio-release/proxytproxy:release-1.1-20190912-12-16
- gcr.io/istio-release/proxytproxy:release-1.2-20190913-11-16
- gcr.io/istio-release/proxytproxy:release-1.3-20190913-10-16-distroless
- gcr.io/istio-release/proxytproxy:release-1.3-20190913-10-16
- gcr.io/istio-release/app:master-20190913-09-16
- gcr.io/istio-release/app:release-1.0-20190912-13-16
- gcr.io/istio-release/app:release-1.1-20190912-12-16
- gcr.io/istio-release/app:release-1.2-20190913-11-16
- gcr.io/istio-release/app:release-1.3-20190913-10-16
- gcr.io/istio-release/mixer_codegen:release-1.3-20190913-10-16-distroless
- gcr.io/istio-release/proxy_debug:master-20190913-09-16-distroless
- gcr.io/istio-release/proxy_debug:master-20190913-09-16
- gcr.io/istio-release/proxy_debug:release-1.3-20190913-10-16-distroless
- gcr.io/istio-release/proxy_debug:release-1.3-20190913-10-16
- gcr.io/istio-release/proxy_debug:release-1.2-20190913-11-16
- gcr.io/istio-release/proxy_debug:release-1.1-20190912-12-16
### 2019-09-13 20:35:20 Update:

- gcr.io/linkerd-io/cli-bin:git-129e0656
- gcr.io/linkerd-io/cli-bin:git-15c61b42
- gcr.io/linkerd-io/cli-bin:git-1d1f582b
- gcr.io/linkerd-io/cli-bin:git-199d886d
- gcr.io/linkerd-io/cli-bin:git-2e108614
- gcr.io/linkerd-io/cli-bin:git-0795277f
- gcr.io/linkerd-io/cli-bin:edge-19.9.2
- gcr.io/linkerd-io/cli-bin:git-6764d03e
- gcr.io/linkerd-io/cli-bin:git-87efd997
- gcr.io/linkerd-io/cli-bin:git-5245523f
- gcr.io/linkerd-io/cli-bin:git-8a85e2cd
- gcr.io/linkerd-io/cli-bin:git-e2244913
- gcr.io/linkerd-io/cli-bin:git-f94199ae
### 2019-09-13 20:48:11 Update:

- gcr.io/spinnaker-marketplace/fiat:1.7.1-20190913012816
- gcr.io/spinnaker-marketplace/fiat:1.7.1-20190913012816-slim
- gcr.io/spinnaker-marketplace/fiat:1.7.1-20190913012816-ubuntu
- gcr.io/spinnaker-marketplace/igor:1.5.1-20190912172818-slim
- gcr.io/spinnaker-marketplace/igor:1.5.1-20190912172818
- gcr.io/spinnaker-marketplace/deck:2.12.0-20190912142815
- gcr.io/spinnaker-marketplace/deck:2.12.0-20190912142815-slim
- gcr.io/spinnaker-marketplace/echo:2.8.0-20190912172818
- gcr.io/spinnaker-marketplace/echo:2.8.0-20190912172818-slim
- gcr.io/spinnaker-marketplace/igor:1.5.1-20190912172818-ubuntu
- gcr.io/spinnaker-marketplace/deck:2.12.0-20190912142815-ubuntu
- gcr.io/spinnaker-marketplace/echo:2.8.0-20190912172818-ubuntu
- gcr.io/spinnaker-marketplace/deck:2.12.0-20190912172818-slim
- gcr.io/spinnaker-marketplace/deck:2.12.0-20190912172818
- gcr.io/spinnaker-marketplace/deck:2.12.0-20190912172818-ubuntu
- gcr.io/spinnaker-marketplace/deck:2.12.0-20190912202816
- gcr.io/spinnaker-marketplace/deck:2.12.0-20190912202816-slim
- gcr.io/spinnaker-marketplace/gate:1.12.0-20190912202816-slim
- gcr.io/spinnaker-marketplace/gate:1.12.0-20190912202816
- gcr.io/spinnaker-marketplace/gate:1.12.0-20190913012816-slim
- gcr.io/spinnaker-marketplace/gate:1.12.0-20190913012816
- gcr.io/spinnaker-marketplace/gate:1.12.0-20190912202816-ubuntu
- gcr.io/spinnaker-marketplace/deck:2.12.0-20190912202816-ubuntu
- gcr.io/spinnaker-marketplace/orca:2.10.0-20190912172818-slim
- gcr.io/spinnaker-marketplace/orca:2.10.0-20190912172818
- gcr.io/spinnaker-marketplace/gate:1.12.0-20190913012816-ubuntu
- gcr.io/spinnaker-marketplace/orca:2.10.0-20190913012816-slim
- gcr.io/spinnaker-marketplace/orca:2.10.0-20190913012816
- gcr.io/spinnaker-marketplace/orca:2.10.0-20190912172818-ubuntu
- gcr.io/spinnaker-marketplace/orca:2.10.0-20190913012816-ubuntu
- gcr.io/spinnaker-marketplace/clouddriver:6.4.0-20190912142815-slim
- gcr.io/spinnaker-marketplace/clouddriver:6.4.0-20190912142815
- gcr.io/spinnaker-marketplace/clouddriver:6.4.0-20190912113003
- gcr.io/spinnaker-marketplace/clouddriver:6.4.0-20190912113003-slim
- gcr.io/spinnaker-marketplace/clouddriver:6.4.0-20190912142815-ubuntu
- gcr.io/spinnaker-marketplace/clouddriver:6.4.0-20190912113003-ubuntu
- gcr.io/spinnaker-marketplace/halyard:1.24.0-20190912142815
### 2019-09-13 20:52:39 Update:

- gcr.io/istio-release/mixer_codegen:release-1.1-20190913-12-16
- gcr.io/istio-release/mixer:release-1.1-20190913-12-16
- gcr.io/istio-release/install-cni:release-1.1-20190913-12-16
- gcr.io/istio-release/kubectl:release-1.1-20190913-12-16
- gcr.io/istio-release/pilot:release-1.1-20190913-12-16
- gcr.io/istio-release/galley:release-1.1-20190913-12-16
- gcr.io/istio-release/citadel:release-1.1-20190913-12-16
- gcr.io/istio-release/sidecar_injector:release-1.1-20190913-12-16
- gcr.io/istio-release/node-agent-k8s:release-1.1-20190913-12-16
- gcr.io/istio-release/proxy_init:release-1.1-20190913-12-16
- gcr.io/istio-release/servicegraph:release-1.1-20190913-12-16
- gcr.io/istio-release/app:release-1.1-20190913-12-16
- gcr.io/istio-release/proxyv2:release-1.1-20190913-12-16
- gcr.io/istio-release/test_policybackend:release-1.1-20190913-12-16
- gcr.io/istio-release/proxytproxy:release-1.1-20190913-12-16
- gcr.io/istio-release/proxy_debug:release-1.1-20190913-12-16
