### 2019-10-04 20:30:50 Update:

- gcr.io/google-containers/prometheus-to-sd:v0.8.0
- gcr.io/google-containers/watcher-daemonset:alpha4
### 2019-10-04 20:38:06 Update:

- gcr.io/istio-release/mixer_codegen:release-1.3-20191004-10-15
- gcr.io/istio-release/galley:master-20191004-09-15
- gcr.io/istio-release/galley:master-20191004-09-15-distroless
- gcr.io/istio-release/galley:release-1.3-20191004-10-15-distroless
- gcr.io/istio-release/mixer_codegen:master-20191004-09-15
- gcr.io/istio-release/mixer_codegen:master-20191004-09-15-distroless
- gcr.io/istio-release/mixer_codegen:release-1.3-20191004-10-15-distroless
- gcr.io/istio-release/mixer_codegen:release-1.2-20191004-11-15
- gcr.io/istio-release/galley:release-1.2-20191004-11-15
- gcr.io/istio-release/galley:release-1.3-20191004-10-15
- gcr.io/istio-release/install-cni:master-20191004-09-15
- gcr.io/istio-release/install-cni:release-1.2-20191004-11-15
- gcr.io/istio-release/install-cni:release-1.3-20191004-10-15
- gcr.io/istio-release/kubectl:release-1.2-20191004-11-15
- gcr.io/istio-release/kubectl:master-20191004-09-15-distroless
- gcr.io/istio-release/kubectl:master-20191004-09-15
- gcr.io/istio-release/kubectl:release-1.3-20191004-10-15-distroless
- gcr.io/istio-release/kubectl:release-1.3-20191004-10-15
- gcr.io/istio-release/mixer:master-20191004-09-15-distroless
- gcr.io/istio-release/mixer:master-20191004-09-15
- gcr.io/istio-release/mixer:release-1.3-20191004-10-15
- gcr.io/istio-release/mixer:release-1.3-20191004-10-15-distroless
- gcr.io/istio-release/node-agent-k8s:master-20191004-09-15
- gcr.io/istio-release/mixer:release-1.2-20191004-11-15
- gcr.io/istio-release/node-agent-k8s:master-20191004-09-15-distroless
- gcr.io/istio-release/node-agent-k8s:release-1.3-20191004-10-15-distroless
- gcr.io/istio-release/node-agent-k8s:release-1.3-20191004-10-15
- gcr.io/istio-release/node-agent-k8s:release-1.2-20191004-11-15
- gcr.io/istio-release/app_sidecar:master-20191004-09-15-distroless
- gcr.io/istio-release/app_sidecar:master-20191004-09-15
- gcr.io/istio-release/citadel:master-20191004-09-15-distroless
- gcr.io/istio-release/citadel:release-1.2-20191004-11-15
- gcr.io/istio-release/citadel:master-20191004-09-15
- gcr.io/istio-release/app_sidecar:release-1.3-20191004-10-15
- gcr.io/istio-release/app_sidecar:release-1.3-20191004-10-15-distroless
- gcr.io/istio-release/citadel:release-1.3-20191004-10-15
- gcr.io/istio-release/citadel:release-1.3-20191004-10-15-distroless
- gcr.io/istio-release/pilot:master-20191004-09-15
- gcr.io/istio-release/pilot:master-20191004-09-15-distroless
- gcr.io/istio-release/pilot:release-1.2-20191004-11-15
- gcr.io/istio-release/pilot:release-1.3-20191004-10-15-distroless
- gcr.io/istio-release/pilot:release-1.3-20191004-10-15
- gcr.io/istio-release/sidecar_injector:master-20191004-09-15
- gcr.io/istio-release/sidecar_injector:master-20191004-09-15-distroless
- gcr.io/istio-release/sidecar_injector:release-1.2-20191004-11-15
- gcr.io/istio-release/sidecar_injector:release-1.3-20191004-10-15
- gcr.io/istio-release/sidecar_injector:release-1.3-20191004-10-15-distroless
- gcr.io/istio-release/proxyv2:master-20191004-09-15
- gcr.io/istio-release/proxyv2:master-20191004-09-15-distroless
- gcr.io/istio-release/proxyv2:release-1.3-20191004-10-15
- gcr.io/istio-release/proxy_init:master-20191004-09-15
- gcr.io/istio-release/proxyv2:release-1.2-20191004-11-15
- gcr.io/istio-release/proxy_init:master-20191004-09-15-distroless
- gcr.io/istio-release/proxy_init:release-1.3-20191004-10-15
- gcr.io/istio-release/proxyv2:release-1.3-20191004-10-15-distroless
- gcr.io/istio-release/proxy_init:release-1.2-20191004-11-15
- gcr.io/istio-release/proxy_init:release-1.3-20191004-10-15-distroless
- gcr.io/istio-release/test_policybackend:master-20191004-09-15
- gcr.io/istio-release/test_policybackend:release-1.2-20191004-11-15
- gcr.io/istio-release/test_policybackend:master-20191004-09-15-distroless
- gcr.io/istio-release/app:master-20191004-09-15
- gcr.io/istio-release/app:release-1.2-20191004-11-15
- gcr.io/istio-release/app:release-1.3-20191004-10-15
- gcr.io/istio-release/test_policybackend:release-1.3-20191004-10-15
- gcr.io/istio-release/test_policybackend:release-1.3-20191004-10-15-distroless
- gcr.io/istio-release/proxytproxy:master-20191004-09-15-distroless
- gcr.io/istio-release/proxytproxy:master-20191004-09-15
- gcr.io/istio-release/proxytproxy:release-1.2-20191004-11-15
- gcr.io/istio-release/proxytproxy:release-1.3-20191004-10-15
- gcr.io/istio-release/proxytproxy:release-1.3-20191004-10-15-distroless
- gcr.io/istio-release/proxy_debug:master-20191004-09-15
- gcr.io/istio-release/proxy_debug:master-20191004-09-15-distroless
- gcr.io/istio-release/proxy_debug:release-1.2-20191004-11-15
- gcr.io/istio-release/proxy_debug:release-1.3-20191004-10-15-distroless
- gcr.io/istio-release/proxy_debug:release-1.3-20191004-10-15
### 2019-10-04 20:38:43 Update:

- gcr.io/linkerd-io/controller:edge-19.10.1
- gcr.io/linkerd-io/proxy:edge-19.10.1
- gcr.io/linkerd-io/debug:edge-19.10.1
- gcr.io/linkerd-io/cni-plugin:edge-19.10.1
- gcr.io/linkerd-io/web:edge-19.10.1
- gcr.io/linkerd-io/grafana:edge-19.10.1
- gcr.io/linkerd-io/cli-bin:edge-19.10.1
### 2019-10-04 20:42:41 Update:

- gcr.io/istio-release/citadel:release-1.1-20191004-12-15
- gcr.io/istio-release/install-cni:release-1.1-20191004-12-15
- gcr.io/istio-release/mixer_codegen:release-1.1-20191004-12-15
- gcr.io/istio-release/kubectl:release-1.1-20191004-12-15
- gcr.io/istio-release/app:release-1.1-20191004-12-15
- gcr.io/istio-release/galley:release-1.1-20191004-12-15
- gcr.io/istio-release/mixer:release-1.1-20191004-12-15
- gcr.io/istio-release/pilot:release-1.1-20191004-12-15
- gcr.io/istio-release/node-agent-k8s:release-1.1-20191004-12-15
- gcr.io/istio-release/proxytproxy:release-1.1-20191004-12-15
- gcr.io/istio-release/servicegraph:release-1.1-20191004-12-15
- gcr.io/istio-release/sidecar_injector:release-1.1-20191004-12-15
- gcr.io/istio-release/proxyv2:release-1.1-20191004-12-15
- gcr.io/istio-release/proxy_init:release-1.1-20191004-12-15
- gcr.io/istio-release/proxy_debug:release-1.1-20191004-12-15
### 2019-10-04 20:44:49 Update:

- gcr.io/istio-release/test_policybackend:release-1.1-20191004-12-15
