### 2019-09-12 20:29:12 Update:

- gcr.io/istio-release/node-agent-k8s:release-1.3-20190912-10-16-distroless
- gcr.io/istio-release/node-agent-k8s:master-20190912-09-16
- gcr.io/istio-release/node-agent-k8s:release-1.3-20190912-10-16
- gcr.io/istio-release/node-agent-k8s:master-20190912-09-16-distroless
- gcr.io/istio-release/kubectl:master-20190912-09-16
- gcr.io/istio-release/node-agent-k8s:release-1.2-20190912-11-16
- gcr.io/istio-release/app_sidecar:release-1.3-20190912-10-16-distroless
- gcr.io/istio-release/app_sidecar:release-1.3-20190912-10-16
- gcr.io/istio-release/app_sidecar:master-20190912-09-16-distroless
- gcr.io/istio-release/app_sidecar:master-20190912-09-16
- gcr.io/istio-release/mixer:master-20190912-09-16
- gcr.io/istio-release/mixer:master-20190912-09-16-distroless
- gcr.io/istio-release/mixer:release-1.0-20190911-13-16
- gcr.io/istio-release/mixer:release-1.2-20190912-11-16
- gcr.io/istio-release/mixer:release-1.3-20190912-10-16
- gcr.io/istio-release/kubectl:master-20190912-09-16-distroless
- gcr.io/istio-release/kubectl:release-1.2-20190912-11-16
- gcr.io/istio-release/mixer:release-1.3-20190912-10-16-distroless
- gcr.io/istio-release/kubectl:release-1.3-20190912-10-16-distroless
- gcr.io/istio-release/kubectl:release-1.3-20190912-10-16
- gcr.io/istio-release/node-agent:release-1.0-20190911-13-16
- gcr.io/istio-release/sidecar_injector:release-1.0-20190911-13-16
- gcr.io/istio-release/sidecar_injector:master-20190912-09-16
- gcr.io/istio-release/sidecar_injector:master-20190912-09-16-distroless
- gcr.io/istio-release/sidecar_injector:release-1.2-20190912-11-16
- gcr.io/istio-release/sidecar_injector:release-1.3-20190912-10-16
- gcr.io/istio-release/servicegraph_debug:release-1.0-20190911-13-16
- gcr.io/istio-release/sidecar_injector:release-1.3-20190912-10-16-distroless
- gcr.io/istio-release/mixer_debug:release-1.0-20190911-13-16
- gcr.io/istio-release/node-agent-test:release-1.0-20190911-13-16
- gcr.io/istio-release/app:release-1.0-20190911-13-16
- gcr.io/istio-release/app:master-20190912-09-16
- gcr.io/istio-release/app:release-1.3-20190912-10-16
- gcr.io/istio-release/app:release-1.2-20190912-11-16
- gcr.io/istio-release/citadel-test:release-1.0-20190911-13-16
- gcr.io/istio-release/proxyv2:master-20190912-09-16-distroless
- gcr.io/istio-release/proxyv2:master-20190912-09-16
- gcr.io/istio-release/proxyv2:release-1.0-20190911-13-16
- gcr.io/istio-release/proxyv2:release-1.2-20190912-11-16
- gcr.io/istio-release/proxyv2:release-1.3-20190912-10-16
- gcr.io/istio-release/proxyv2:release-1.3-20190912-10-16-distroless
- gcr.io/istio-release/proxy_init:master-20190912-09-16
- gcr.io/istio-release/proxy_init:master-20190912-09-16-distroless
- gcr.io/istio-release/proxy_init:release-1.0-20190911-13-16
- gcr.io/istio-release/proxy_init:release-1.2-20190912-11-16
- gcr.io/istio-release/proxy_init:release-1.3-20190912-10-16
- gcr.io/istio-release/proxy_init:release-1.3-20190912-10-16-distroless
- gcr.io/istio-release/test_policybackend:master-20190912-09-16
- gcr.io/istio-release/test_policybackend:master-20190912-09-16-distroless
- gcr.io/istio-release/test_policybackend:release-1.3-20190912-10-16
- gcr.io/istio-release/test_policybackend:release-1.0-20190911-13-16
- gcr.io/istio-release/test_policybackend:release-1.3-20190912-10-16-distroless
- gcr.io/istio-release/test_policybackend:release-1.2-20190912-11-16
- gcr.io/istio-release/proxytproxy:master-20190912-09-16-distroless
- gcr.io/istio-release/proxytproxy:master-20190912-09-16
- gcr.io/istio-release/proxytproxy:release-1.2-20190912-11-16
- gcr.io/istio-release/servicegraph:release-1.0-20190911-13-16
- gcr.io/istio-release/proxytproxy:release-1.3-20190912-10-16
- gcr.io/istio-release/proxytproxy:release-1.3-20190912-10-16-distroless
- gcr.io/istio-release/proxy_debug:master-20190912-09-16
- gcr.io/istio-release/proxy_debug:master-20190912-09-16-distroless
- gcr.io/istio-release/proxy_debug:release-1.2-20190912-11-16
- gcr.io/istio-release/proxy_debug:release-1.0-20190911-13-16
- gcr.io/istio-release/pilot:release-1.2-20190912-11-16
- gcr.io/istio-release/galley:release-1.0-20190911-13-16
- gcr.io/istio-release/galley:master-20190912-09-16-distroless
- gcr.io/istio-release/galley:release-1.2-20190912-11-16
- gcr.io/istio-release/galley:release-1.3-20190912-10-16
- gcr.io/istio-release/galley:release-1.3-20190912-10-16-distroless
- gcr.io/istio-release/citadel:master-20190912-09-16
- gcr.io/istio-release/proxy_debug:release-1.3-20190912-10-16
- gcr.io/istio-release/proxy_debug:release-1.3-20190912-10-16-distroless
- gcr.io/istio-release/citadel:master-20190912-09-16-distroless
- gcr.io/istio-release/citadel:release-1.0-20190911-13-16
- gcr.io/istio-release/citadel:release-1.3-20190912-10-16
- gcr.io/istio-release/citadel:release-1.3-20190912-10-16-distroless
- gcr.io/istio-release/citadel:release-1.2-20190912-11-16
- gcr.io/istio-release/mixer_codegen:master-20190912-09-16
- gcr.io/istio-release/mixer_codegen:release-1.2-20190912-11-16
- gcr.io/istio-release/mixer_codegen:master-20190912-09-16-distroless
- gcr.io/istio-release/mixer_codegen:release-1.3-20190912-10-16
- gcr.io/istio-release/mixer_codegen:release-1.3-20190912-10-16-distroless
- gcr.io/istio-release/install-cni:master-20190912-09-16
- gcr.io/istio-release/install-cni:release-1.2-20190912-11-16
- gcr.io/istio-release/install-cni:release-1.3-20190912-10-16
- gcr.io/istio-release/pilot:master-20190912-09-16-distroless
- gcr.io/istio-release/pilot:master-20190912-09-16
- gcr.io/istio-release/pilot:release-1.3-20190912-10-16-distroless
- gcr.io/istio-release/pilot:release-1.3-20190912-10-16
- gcr.io/istio-release/galley:master-20190912-09-16
- gcr.io/istio-release/pilot:release-1.0-20190911-13-16
### 2019-09-12 20:30:15 Update:

- gcr.io/linkerd-io/debug:edge-1.3.5
- gcr.io/linkerd-io/debug:git-8270ba36
- gcr.io/linkerd-io/debug:git-1e2810c4
- gcr.io/linkerd-io/debug:edge-1.3.4
- gcr.io/linkerd-io/proxy:edge-1.3.4
- gcr.io/linkerd-io/proxy:edge-1.3.5
- gcr.io/linkerd-io/grafana:git-8270ba36
- gcr.io/linkerd-io/grafana:edge-1.3.4
- gcr.io/linkerd-io/grafana:edge-1.3.5
- gcr.io/linkerd-io/grafana:git-1e2810c4
- gcr.io/linkerd-io/proxy:git-1e2810c4
- gcr.io/linkerd-io/controller:git-8270ba36
- gcr.io/linkerd-io/controller:git-1e2810c4
- gcr.io/linkerd-io/proxy:git-8270ba36
- gcr.io/linkerd-io/cni-plugin:git-1e2810c4
- gcr.io/linkerd-io/cni-plugin:git-8270ba36
- gcr.io/linkerd-io/cni-plugin:edge-1.3.4
- gcr.io/linkerd-io/cni-plugin:edge-1.3.5
- gcr.io/linkerd-io/cli-bin:edge-1.3.5
- gcr.io/linkerd-io/web:edge-1.3.5
- gcr.io/linkerd-io/web:edge-1.3.4
- gcr.io/linkerd-io/web:git-1e2810c4
- gcr.io/linkerd-io/cli-bin:edge-1.3.4
- gcr.io/linkerd-io/web:git-8270ba36
- gcr.io/linkerd-io/cli-bin:git-1e2810c4
- gcr.io/linkerd-io/cli-bin:git-8270ba36
